%% G32
t_sat1 = [datetime(2019, 09, 29, 20, 0, 0); 
          datetime(2019, 09, 30, 3, 12, 30)]; % YY-MM-DD hh:mm:ss
      
% [GODE; LYCO; NJTR]
rho_obsv_t1_sat1 = [25051697.711; 25250311.013; 25300673.18]; % m 
rho_obsv_t2_sat1 = [24885268.756; 25027333.239; 24905662.38]; % m

rho_gode_t1_sat1 = [-16495.751222; -20282.441992; -4990.466293]; % m
rho_gode_t2_sat1 = [20213.786583; -14550.961176; -8980.879524]; % m

rho_lyco_t1_sat1 = [-16495.751222; -20282.441992; -4990.466293]; % m
rho_lyco_t2_sat1 = [20213.786583; -14550.961176;  -8980.879524]; % m

rho_njtr_t1_sat1 = [-16495.751222; -20282.441992; -4990.466293]; % m
rho_njtr_t2_sat1 = [20213.786583; -14550.961176; -8980.879524]; % m

%% G10
t_sat2 = [datetime(2019, 09, 29, 20, 0, 0); 
          datetime(2019, 09, 30, 1, 22, 30)]; % YY-MM-DD hh:mm:ss
      
% [GODE; LYCO; NJTR]
rho_obsv_t1_sat2 = [23211963.276; 23183895.657; 23332124.46]; % m 
rho_obsv_t2_sat2 = [24741064.469; 24965346.244; 24859334.14]; % m

rho_gode_t1_sat2 = [-16660.548228; -11669.484643; 17253.892228]; % m
rho_gode_t2_sat2 = [11443.232098; -19758.768196; -13321.664005]; % m 

rho_lyco_t1_sat2 = [-16660.548228; -11669.484643; 17253.892228]; % m
rho_lyco_t2_sat2 = [11443.232098; -19758.768196; -13321.664005]; % m

rho_njtr_t1_sat2 = [-16660.548228; -11669.484643; 17253.892228]; % m
rho_njtr_t2_sat2 = [11443.232098; -19758.768196; -13321.664005]; % m

%% Ground Stations 
% ECEF XYZ
GODE = [1130774.439; -4831255.071; 3994200.558]; % m
LYCO = [1080274.057; -4680045.229; 4182682.6660]; % m
NJTR = [1278261.278; -4703708.0040; 4099884.5550]; % m

ref_matrix = [GODE'; LYCO'; NJTR'];

%% Times
t1 = 20 * 3600; % s
t2_sat1 = (3 * 3600) + (12 * 60) + 30; % s
t2_sat2 = 3600 + (22 * 60) + 30; % s

T1 = (7181 + 29 + 0.5) / 32525; 
T2 = (7181 + 30 + 0.5) / 32525; 